# x        f(x)
-5.000000  3755.500000
-4.979960  3693.778674
-4.959920  3632.818916
-4.939880  3572.614447
-4.919840  3513.159017
-4.899800  3454.446400
-4.879760  3396.470397
-4.859719  3339.224834
-4.839679  3282.703564
-4.819639  3226.900464
-4.799599  3171.809439
-4.779559  3117.424419
-4.759519  3063.739360
-4.739479  3010.748244
-4.719439  2958.445080
-4.699399  2906.823901
-4.679359  2855.878766
-4.659319  2805.603763
-4.639279  2755.993001
-4.619238  2707.040620
-4.599198  2658.740782
-4.579158  2611.087678
-4.559118  2564.075522
-4.539078  2517.698556
-4.519038  2471.951047
-4.498998  2426.827288
-4.478958  2382.321600
-4.458918  2338.428326
-4.438878  2295.141838
-4.418838  2252.456532
-4.398798  2210.366833
-4.378758  2168.867188
-4.358717  2127.952072
-4.338677  2087.615987
-4.318637  2047.853458
-4.298597  2008.659039
-4.278557  1970.027308
-4.258517  1931.952869
-4.238477  1894.430352
-4.218437  1857.454415
-4.198397  1821.019740
-4.178357  1785.121033
-4.158317  1749.753031
-4.138277  1714.910492
-4.118236  1680.588204
-4.098196  1646.780977
-4.078156  1613.483649
-4.058116  1580.691085
-4.038076  1548.398174
-4.018036  1516.599833
-3.997996  1485.291001
-3.977956  1454.466648
-3.957916  1424.121766
-3.937876  1394.251375
-3.917836  1364.850521
-3.897796  1335.914274
-3.877756  1307.437732
-3.857715  1279.416018
-3.837675  1251.844281
-3.817635  1224.717696
-3.797595  1198.031465
-3.777555  1171.780813
-3.757515  1145.960994
-3.737475  1120.567287
-3.717435  1095.594996
-3.697395  1071.039452
-3.677355  1046.896012
-3.657315  1023.160058
-3.637275  999.826998
-3.617234  976.892267
-3.597194  954.351326
-3.577154  932.199659
-3.557114  910.432781
-3.537074  889.046228
-3.517034  868.035565
-3.496994  847.396382
-3.476954  827.124294
-3.456914  807.214944
-3.436874  787.664000
-3.416834  768.467155
-3.396794  749.620128
-3.376754  731.118666
-3.356713  712.958539
-3.336673  695.135546
-3.316633  677.645510
-3.296593  660.484280
-3.276553  643.647732
-3.256513  627.131766
-3.236473  610.932309
-3.216433  595.045316
-3.196393  579.466765
-3.176353  564.192660
-3.156313  549.219033
-3.136273  534.541940
-3.116232  520.157465
-3.096192  506.061715
-3.076152  492.250826
-3.056112  478.720959
-3.036072  465.468298
-3.016032  452.489058
-2.995992  439.779477
-2.975952  427.335818
-2.955912  415.154371
-2.935872  403.231454
-2.915832  391.563409
-2.895792  380.146602
-2.875752  368.977429
-2.855711  358.052308
-2.835671  347.367687
-2.815631  336.920036
-2.795591  326.705854
-2.775551  316.721664
-2.755511  306.964016
-2.735471  297.429484
-2.715431  288.114672
-2.695391  279.016205
-2.675351  270.130737
-2.655311  261.454949
-2.635271  252.985544
-2.615230  244.719254
-2.595190  236.652835
-2.575150  228.783072
-2.555110  221.106773
-2.535070  213.620772
-2.515030  206.321931
-2.494990  199.207136
-2.474950  192.273300
-2.454910  185.517362
-2.434870  178.936286
-2.414830  172.527062
-2.394790  166.286707
-2.374749  160.212264
-2.354709  154.300800
-2.334669  148.549410
-2.314629  142.955214
-2.294589  137.515358
-2.274549  132.227014
-2.254509  127.087380
-2.234469  122.093679
-2.214429  117.243163
-2.194389  112.533106
-2.174349  107.960810
-2.154309  103.523603
-2.134269  99.218838
-2.114228  95.043895
-2.094188  90.996179
-2.074148  87.073122
-2.054108  83.272181
-2.034068  79.590839
-2.014028  76.026605
-1.993988  72.577015
-1.973948  69.239629
-1.953908  66.012035
-1.933868  62.891845
-1.913828  59.876698
-1.893788  56.964259
-1.873747  54.152219
-1.853707  51.438294
-1.833667  48.820227
-1.813627  46.295787
-1.793587  43.862767
-1.773547  41.518989
-1.753507  39.262298
-1.733467  37.090567
-1.713427  35.001694
-1.693387  32.993604
-1.673347  31.064246
-1.653307  29.211595
-1.633267  27.433656
-1.613226  25.728454
-1.593186  24.094044
-1.573146  22.528505
-1.553106  21.029944
-1.533066  19.596492
-1.513026  18.226306
-1.492986  16.917570
-1.472946  15.668493
-1.452906  14.477311
-1.432866  13.342285
-1.412826  12.261702
-1.392786  11.233875
-1.372745  10.257143
-1.352705  9.329872
-1.332665  8.450453
-1.312625  7.617301
-1.292585  6.828861
-1.272545  6.083600
-1.252505  5.380014
-1.232465  4.716623
-1.212425  4.091974
-1.192385  3.504639
-1.172345  2.953216
-1.152305  2.436331
-1.132265  1.952633
-1.112224  1.500798
-1.092184  1.079529
-1.072144  0.687554
-1.052104  0.323627
-1.032064  -0.013472
-1.012024  -0.324938
-0.991984  -0.611938
-0.971944  -0.875614
-0.951904  -1.117084
-0.931864  -1.337436
-0.911824  -1.537737
-0.891784  -1.719023
-0.871743  -1.882308
-0.851703  -2.028579
-0.831663  -2.158795
-0.811623  -2.273892
-0.791583  -2.374779
-0.771543  -2.462338
-0.751503  -2.537426
-0.731463  -2.600874
-0.711423  -2.653488
-0.691383  -2.696047
-0.671343  -2.729303
-0.651303  -2.753984
-0.631263  -2.770791
-0.611222  -2.780400
-0.591182  -2.783460
-0.571142  -2.780595
-0.551102  -2.772402
-0.531062  -2.759453
-0.511022  -2.742293
-0.490982  -2.721443
-0.470942  -2.697396
-0.450902  -2.670620
-0.430862  -2.641557
-0.410822  -2.610624
-0.390782  -2.578209
-0.370741  -2.544678
-0.350701  -2.510369
-0.330661  -2.475594
-0.310621  -2.440639
-0.290581  -2.405765
-0.270541  -2.371206
-0.250501  -2.337171
-0.230461  -2.303842
-0.210421  -2.271377
-0.190381  -2.239905
-0.170341  -2.209532
-0.150301  -2.180337
-0.130261  -2.152372
-0.110220  -2.125665
-0.090180  -2.100217
-0.070140  -2.076002
-0.050100  -2.052970
-0.030060  -2.031045
-0.010020  -2.010124
0.010020  -1.990077
0.030060  -1.970751
0.050100  -1.951965
0.070140  -1.933513
0.090180  -1.915162
0.110220  -1.896654
0.130261  -1.877706
0.150301  -1.858005
0.170341  -1.837218
0.190381  -1.814981
0.210421  -1.790907
0.230461  -1.764582
0.250501  -1.735566
0.270541  -1.703394
0.290581  -1.667572
0.310621  -1.627585
0.330661  -1.582889
0.350701  -1.532913
0.370741  -1.477063
0.390782  -1.414718
0.410822  -1.345229
0.430862  -1.267924
0.450902  -1.182103
0.470942  -1.087042
0.490982  -0.981989
0.511022  -0.866168
0.531062  -0.738776
0.551102  -0.598983
0.571142  -0.445935
0.591182  -0.278752
0.611222  -0.096526
0.631263  0.101675
0.651303  0.316809
0.671343  0.549861
0.691383  0.801842
0.711423  1.073787
0.731463  1.366758
0.751503  1.681845
0.771543  2.020161
0.791583  2.382846
0.811623  2.771066
0.831663  3.186013
0.851703  3.628905
0.871743  4.100986
0.891784  4.603525
0.911824  5.137818
0.931864  5.705187
0.951904  6.306979
0.971944  6.944568
0.991984  7.619353
1.012024  8.332759
1.032064  9.086238
1.052104  9.881267
1.072144  10.719348
1.092184  11.602012
1.112224  12.530813
1.132265  13.507332
1.152305  14.533176
1.172345  15.609977
1.192385  16.739396
1.212425  17.923115
1.232465  19.162846
1.252505  20.460325
1.272545  21.817315
1.292585  23.235604
1.312625  24.717007
1.332665  26.263364
1.352705  27.876541
1.372745  29.558430
1.392786  31.310949
1.412826  33.136043
1.432866  35.035681
1.452906  37.011859
1.472946  39.066600
1.492986  41.201950
1.513026  43.419984
1.533066  45.722801
1.553106  48.112527
1.573146  50.591313
1.593186  53.161337
1.613226  55.824802
1.633267  58.583938
1.653307  61.440999
1.673347  64.398267
1.693387  67.458048
1.713427  70.622677
1.733467  73.894512
1.753507  77.275938
1.773547  80.769366
1.793587  84.377232
1.813627  88.101999
1.833667  91.946157
1.853707  95.912219
1.873747  100.002726
1.893788  104.220245
1.913828  108.567368
1.933868  113.046713
1.953908  117.660924
1.973948  122.412673
1.993988  127.304654
2.014028  132.339590
2.034068  137.520230
2.054108  142.849346
2.074148  148.329739
2.094188  153.964235
2.114228  159.755685
2.134269  165.706967
2.154309  171.820985
2.174349  178.100669
2.194389  184.548973
2.214429  191.168879
2.234469  197.963395
2.254509  204.935553
2.274549  212.088414
2.294589  219.425062
2.314629  226.948608
2.334669  234.662190
2.354709  242.568969
2.374749  250.672137
2.394790  258.974906
2.414830  267.480518
2.434870  276.192240
2.454910  285.113363
2.474950  294.247208
2.494990  303.597118
2.515030  313.166464
2.535070  322.958641
2.555110  332.977073
2.575150  343.225208
2.595190  353.706520
2.615230  364.424509
2.635271  375.382701
2.655311  386.584648
2.675351  398.033927
2.695391  409.734144
2.715431  421.688927
2.735471  433.901933
2.755511  446.376843
2.775551  459.117364
2.795591  472.127230
2.815631  485.410202
2.835671  498.970063
2.855711  512.810625
2.875752  526.935726
2.895792  541.349229
2.915832  556.055023
2.935872  571.057024
2.955912  586.359171
2.975952  601.965432
2.995992  617.879800
3.016032  634.106294
3.036072  650.648959
3.056112  667.511864
3.076152  684.699108
3.096192  702.214812
3.116232  720.063125
3.136273  738.248221
3.156313  756.774300
3.176353  775.645590
3.196393  794.866342
3.216433  814.440834
3.236473  834.373371
3.256513  854.668282
3.276553  875.329924
3.296593  896.362678
3.316633  917.770952
3.336673  939.559181
3.356713  961.731823
3.376754  984.293364
3.396794  1007.248316
3.416834  1030.601217
3.436874  1054.356630
3.456914  1078.519144
3.476954  1103.093374
3.496994  1128.083963
3.517034  1153.495576
3.537074  1179.332908
3.557114  1205.600677
3.577154  1232.303628
3.597194  1259.446532
3.617234  1287.034187
3.637275  1315.071414
3.657315  1343.563063
3.677355  1372.514008
3.697395  1401.929150
3.717435  1431.813415
3.737475  1462.171756
3.757515  1493.009151
3.777555  1524.330605
3.797595  1556.141148
3.817635  1588.445836
3.837675  1621.249751
3.857715  1654.558002
3.877756  1688.375722
3.897796  1722.708071
3.917836  1757.560235
3.937876  1792.937427
3.957916  1828.844883
3.977956  1865.287868
3.997996  1902.271670
4.018036  1939.801607
4.038076  1977.883018
4.058116  2016.521272
4.078156  2055.721762
4.098196  2095.489908
4.118236  2135.831153
4.138277  2176.750971
4.158317  2218.254857
4.178357  2260.348335
4.198397  2303.036954
4.218437  2346.326288
4.238477  2390.221939
4.258517  2434.729533
4.278557  2479.854724
4.298597  2525.603189
4.318637  2571.980633
4.338677  2618.992787
4.358717  2666.645407
4.378758  2714.944276
4.398798  2763.895202
4.418838  2813.504019
4.438878  2863.776587
4.458918  2914.718793
4.478958  2966.336549
4.498998  3018.635792
4.519038  3071.622487
4.539078  3125.302623
4.559118  3179.682216
4.579158  3234.767308
4.599198  3290.563967
4.619238  3347.078286
4.639279  3404.316385
4.659319  3462.284409
4.679359  3520.988529
4.699399  3580.434944
4.719439  3640.629876
4.739479  3701.579574
4.759519  3763.290315
4.779559  3825.768397
4.799599  3889.020150
4.819639  3953.051925
4.839679  4017.870102
4.859719  4083.481085
4.879760  4149.891306
4.899800  4217.107220
4.919840  4285.135311
4.939880  4353.982087
4.959920  4423.654083
4.979960  4494.157858
5.000000  4565.500000
